C:\Users\Gicu\Documents\GitHub\FindOrDie\SFML\iso-64x64-building.png
00000000000000000000000000000000
00030303030303000003030303030300
00030303030303000003030303030300
00030303030303000003030303030300
00030303030303000003030303030300
00030303030303000003030303030300
00030303030303000003030303030300
00000000000000000000000000000000
00000000000000000000000000000000
00030303030303000003030303030300
00030303030303000003030303030300
00030303030303000003030303030300
00030303030303000003030303030300
00030303030303000003030303030300
00030303030303000003030303030300
00000000000000000000000000000000